1134.306158 1163.715179 187.487968 0.002553
1489.512905 356.062852 123.163329 0.002769
1506.0 1197.0 102.075887 0.003143
449.402817 1503.45074 157.312299 0.002949
1177.882853 1852.519757 102.070254 0.00277
823.0 1810.0 78.554239 0.003128
1282.0 1535.0 166.153584 0.001631
127.0 900.0 116.893124 0.003022
790.899441 1167.918533 87.641443 0.002665
836.0 3649.0 167.506057 0.002731
1570.040818 2965.137886 212.490374 0.00269
1312.0 2612.0 122.011474 0.003115
1177.544484 3724.448948 107.096569 0.002762
1326.244946 2134.968455 115.937182 0.002966
560.0 2338.0 118.372667 0.002979
263.0 2674.0 120.873576 0.003006
1061.691674 2126.186589 78.430448 0.002926
601.0 2716.0 86.471971 0.00297
2135.241205 1708.079975 139.94661 0.003108
2976.565121 1267.201031 187.780445 0.002756
2755.903316 658.397003 118.237257 0.002766
3100.0 844.0 105.95859 0.002674
2753.763213 1720.163042 117.502956 0.002408
3232.882138 673.536858 83.990081 0.002925
3704.833582 244.208201 179.716825 0.002931
3460.0 1268.0 165.188039 0.001793
2312.856307 2877.031362 144.897433 0.002736
2593.0 2062.0 81.463978 0.002731
2574.712557 2486.125929 126.966998 0.002372
2000.345526 2289.476905 103.678148 0.002521
2829.0 3287.0 100.396143 0.002182
3217.803444 3163.645013 108.976938 0.002645
2938.115208 2644.221216 75.649851 0.002415
2357.881266 3412.908325 84.232987 0.003203
1991.0 3729.0 208.843773 0.002429
3236.461844 3745.410257 186.485758 0.002878
2948.0 2256.0 201.333643 0.002482
829.079242 2256.471499 94.149744 0.003096
1617.711118 2429.32532 110.947387 0.003126
1423.819639 3687.066082 90.735113 0.002533
3644.060172 3272.703272 217.513569 0.002927
3039.499233 3533.625734 115.166055 0.00154
